% -------------------------------------------------------------------
%  Generated by MATLAB on 12-Jan-2026 12:06:36
%  MATLAB version: 25.2.0.2998904 (R2025b)
% -------------------------------------------------------------------
                                  

msh = struct;
msh.nbNod = 47;
msh.POS = ...
  [0 0.44551386 0;
   0.11734403 0.49022133 0;
   0.34472844 0.57685362 0;
   0.55143748 0.6556087 0;
   0.61159248 0.67852745 0;
   0.80874952 0.75364326 0;
   1 0.82650871 0;
   0.17737004 0 0;
   0.14580033 0.25782396 0;
   0.06686514 0.90247303 0;
   0.16262809 0.1203948 0;
   0.05492328 1 0;
   0 0.2409874 0;
   0.52296665 0.30137793 0;
   0.38034392 0.28490831 0;
   1 0.35646422 0;
   0.71796411 0 0;
   0.44416047 0.42317665 0;
   0.1583925 0.86484476 0;
   0.66219347 0.08619619 0;
   0.07094439 1 0;
   0.24884695 0 0;
   0.56992221 0.69565872 0;
   0.30007152 0.11098587 0;
   0.62692583 0.81916578 0;
   0.7103883 1 0;
   0 0.92996229 0;
   1 0.51884729 0;
   0 0.13152778 0;
   1 0.06307107 0;
   0.12511446 1 0;
   1 0.68472368 0;
   0 0 0;
   1 0 0;
   0 1 0;
   1 1 0;
   0.065786089999999992 0.3586366375 0;
   0.286475438 0.406596774 0;
   0.5900804771569329 0.49926929699999989 0;
   0.74492792143138664 0.4708972374 0;
   0.82921273000000006 0.87986355 0;
   0.21776189040816329 0.061582722466525443 0;
   0.0849995325 0.062980645 0;
   0.0801923062878174 0.18625759 0;
   0.247210965 0.193528235 0;
   0.030447105 0.95810883 0;
   0.79629003 0.2017773525 0;
   0.058672015 0.46786759499999997 0;
   0.231036235 0.53353747499999993 0;
   0.44808296000000003 0.61623116 0;
   0.58151498 0.667068075 0;
   0.710171 0.716085355 0;
   0.90437476 0.79007598500000009 0;
   0.13157218 0.37402264500000004 0;
   0.03343257 0.673993445 0;
   0.092104585 0.69634718000000007 0;
   0.169999065 0.0601974 0;
   0.15421421000000002 0.18910938 0;
   0.060894210000000004 0.951236515 0;
   0 0.34325063 0;
   0.072900165 0.24940568000000002 0;
   0.263072125 0.271366135 0;
   0.45165528499999996 0.29314312 0;
   0.76148332499999993 0.328921075 0;
   0.394444455 0.50001513499999994 0;
   0.49779897500000003 0.539392675 0;
   0.48356356 0.36227729 0;
   0.412252195 0.35404248 0;
   0.137868265 0.677533045 0;
   0.25156047000000004 0.72084919 0;
   0.11262881999999999 0.88365889499999994 0;
   0.59258006 0.19378706 0;
   0.69007879 0.043098095 0;
   0.068904765 0.951236515 0;
   0.062933835 1 0;
   0.114668445 0.93242238 0;
   0.213108495 0 0;
   0.48340553 0 0;
   0.45552021 0.043098095 0;
   0.457325325 0.63625617 0;
   0.560679845 0.67563371 0;
   0.590757345 0.687093085 0;
   0.364157355 0.78025174 0;
   0.231349805 0.115690335 0;
   0.411519085 0.2061819 0;
   0.34020772 0.19794709 0;
   0.481132495 0.09859103 0;
   0.274459235 0.055492935 0;
   0.619259155 0.74884661499999994 0;
   0.717837675 0.78640452 0;
   0.392659165 0.84200527 0;
   0.59842402 0.75741225 0;
   0.668657065 0.90958289 0;
   0 0.687738075 0;
   0.03343257 0.91621766 0;
   0.80579624 0.59868736999999994 0;
   0.90437476 0.636245275 0;
   1 0.437655755 0;
   0.081314045 0.12596129 0;
   0 0.18625759 0;
   1 0.209767645 0;
   0.858982055 0.031535535 0;
   0.831096735 0.07463363 0;
   0.14175348 0.93242238 0;
   0.098029425 1 0;
   0.37602014500000003 0.90958289 0;
   0.41775138 1 0;
   0.90437476 0.71918346999999994 0;
   1 0.755616195 0;
   1 0.601785485 0;
   0.08868502 0 0;
   0 0.06576389 0;
   0.858982055 0 0;
   1 0.031535535 0;
   0.02746164 1 0;
   0 0.964981145 0;
   1 0.91325435500000007 0;
   0.85519415 1 0;
   0.032893044999999996 0.40207524875 0;
   0.09156506 0.42442898375000004 0;
   0.10579321 0.30823029875 0;
   0.032893044999999996 0.29981201875 0;
   0.201909734 0.44840905200000003 0;
   0.315601939 0.49172519699999995 0;
   0.216137884 0.332210367 0;
   0.333409679 0.345752542 0;
   0.365317954 0.414886712 0;
   0.57075897857846647 0.57743899849999991 0;
   0.60083647857846645 0.5888983735 0;
   0.55652356357846644 0.40032361349999995 0;
   0.51712047357846647 0.46122297349999997 0;
   0.67826020071569326 0.5747123437 0;
   0.63394728571569336 0.3861375837 0;
   0.87246396071569332 0.4136807287 0;
   0.87246396071569332 0.4948722637 0;
   0.66750419929415972 0.48508326719999995 0;
   0.81898112500000009 0.816753405 0;
   0.914606365 0.8531861300000001 0;
   0.72806928 0.84951466500000006 0;
   0.769800515 0.939931775 0;
   0.914606365 0.939931775 0;
   0.19756596520408165 0.030791361233262721 0;
   0.19019499020408165 0.090988761233262716 0;
   0.23330442020408165 0.030791361233262721 0;
   0.25891670520408161 0.086284296233262725 0;
   0.13118478625000002 0.0314903225 0;
   0.12381381125 0.0916877225 0;
   0.04249976625 0.0972542125 0;
   0.04249976625 0.0314903225 0;
   0.1129963181439087 0.22204077500000002 0;
   0.1214101981439087 0.153326195 0;
   0.0400961531439087 0.213622495 0;
   0.0400961531439087 0.158892685 0;
   0.1965056475 0.2256760975 0;
   0.2049195275 0.15696151749999998 0;
   0.3137774425 0.2392182725 0;
   0.2736412425 0.1522570525 0;
   0.0486561225 0.93029093 0;
   0.0426851925 0.979054415 0;
   0.0152235525 0.94403556 0;
   0.0152235525 0.979054415 0;
   0.65962834 0.25157764125000004 0;
   0.898145015 0.27912078625000003 0;
   0.72924174999999991 0.14398677125 0;
   0.898145015 0.13242421125 0];
msh.MAX = [1 1 0];
msh.MIN = [0 0 0];
msh.LINES = ...
  [26 118;
   118 36;
   7 117;
   117 36;
   27 116;
   116 35;
   12 115;
   115 35;
   30 114;
   114 34;
   17 113;
   113 34;
   29 112;
   112 33;
   8 111;
   111 33;
   28 110;
   110 32;
   7 109;
   109 32;
   6 108;
   108 32;
   26 107;
   107 31;
   25 106;
   106 31;
   21 105;
   105 31;
   20 103;
   103 30;
   16 101;
   101 30;
   13 100;
   100 29;
   11 99;
   99 29;
   16 98;
   98 28;
   5 96;
   96 28;
   10 95;
   95 27;
   1 94;
   94 27;
   25 93;
   93 26;
   23 92;
   92 25;
   6 90;
   90 25;
   22 88;
   88 24;
   20 87;
   87 24;
   15 86;
   86 24;
   11 84;
   84 24;
   19 83;
   83 23;
   5 82;
   82 23;
   4 81;
   81 23;
   17 78;
   78 22;
   8 77;
   77 22;
   19 76;
   76 21;
   12 75;
   75 21;
   17 73;
   73 20;
   14 72;
   72 20;
   10 71;
   71 19;
   3 70;
   70 19;
   15 68;
   68 18;
   14 67;
   67 18;
   4 66;
   66 18;
   3 65;
   65 18;
   14 64;
   64 16;
   14 63;
   63 15;
   9 62;
   62 15;
   9 61;
   61 13;
   1 60;
   60 13;
   10 59;
   59 12;
   9 58;
   58 11;
   8 57;
   57 11;
   2 56;
   56 10;
   2 54;
   54 9;
   6 53;
   53 7;
   5 52;
   52 6;
   4 51;
   51 5;
   3 50;
   50 4;
   2 49;
   49 3;
   1 48;
   48 2];
