% -------------------------------------------------------------------
%  Generated by MATLAB on 10-Jun-2025 13:34:08
%  MATLAB version: 24.2.0.2740171 (R2024b) Update 1
% -------------------------------------------------------------------
                                  

msh = struct;
msh.nbNod = 7;
msh.POS = ...
  [0 0.41780915 0;
   1 0.55257784 0;
   0 0 0;
   1 0 0;
   0 1 0;
   1 1 0;
   0.5 0.75222308249999992 0;
   0.5 0.485193495 0;
   0 0.208904575 0;
   0.5 0.208904575 0;
   1 0.27628892 0;
   0.5 0 0;
   0 0.708904575 0;
   1 0.77628892 0;
   0.5 1 0;
   0.25 0.58501611624999994 0;
   0.75 0.65240046125 0;
   0.25 0.87611154125 0;
   0.75 0.87611154125 0;
   0.25 0.45150132249999997 0;
   0.75 0.5188856675 0;
   0 0.3133568625 0;
   0 0.1044522875 0;
   0.25 0.3133568625 0;
   0.75 0.1044522875 0;
   0.5 0.347049035 0;
   0.25 0.208904575 0;
   1 0.41443337999999996 0;
   1 0.13814446 0;
   0.75 0.38074120749999996 0;
   0.75 0.2425967475 0;
   0.25 0 0;
   0.75 0 0;
   0.25 0.1044522875 0;
   0.5 0.1044522875 0;
   0 0.5633568625 0;
   0 0.8544522875 0;
   1 0.66443338 0;
   1 0.88814446 0;
   0.25 1 0;
   0.75 1 0;
   0.125 0.501412633125 0;
   0.375 0.66861959937499993 0;
   0.375 0.535104805625 0;
   0.125 0.64696034562499993 0;
   0.875 0.602489150625 0;
   0.625 0.70231177187499993 0;
   0.625 0.568796978125 0;
   0.875 0.714344690625 0;
   0.5 0.61870828875 0;
   0.125 0.938055770625 0;
   0.375 0.81416731187499991 0;
   0.125 0.792508058125 0;
   0.375 0.938055770625 0;
   0.25 0.73056382875 0;
   0.875 0.938055770625 0;
   0.625 0.81416731187499991 0;
   0.875 0.826200230625 0;
   0.625 0.938055770625 0;
   0.75 0.76425600124999993 0;
   0.5 0.87611154125 0];
msh.MAX = [1 1 0];
msh.MIN = [0 0 0];
msh.LINES = ...
  [6 41;
   41 15;
   5 40;
   40 15;
   6 39;
   39 14;
   2 38;
   38 14;
   5 37;
   37 13;
   1 36;
   36 13;
   4 33;
   33 12;
   3 32;
   32 12;
   4 29;
   29 11;
   2 28;
   28 11;
   3 23;
   23 9;
   1 22;
   22 9;
   2 21;
   21 8;
   1 20;
   20 8];
msh.TRIANGLES = ...
  [2 28 21;
   4 33 25;
   5 37 51;
   2 38 46;
   1 20 42;
   6 41 56;
   11 29 31;
   12 32 34;
   13 36 45;
   14 39 58;
   8 21 48;
   15 40 54;
   8 26 20;
   10 27 24;
   18 55 52;
   17 60 47;
   16 50 43;
   19 61 57;
   11 31 30;
   12 34 35;
   13 45 53;
   14 58 49;
   8 48 44;
   15 54 59;
   28 11 30;
   33 12 35;
   37 13 53;
   38 14 49;
   20 8 44;
   41 15 59;
   29 4 25;
   32 3 23;
   36 1 42;
   39 6 56;
   21 2 46;
   40 5 51;
   26 10 24;
   27 9 22;
   55 16 43;
   60 19 57;
   50 17 47;
   61 18 52;
   31 10 26;
   34 9 27;
   45 16 55;
   58 19 60;
   48 17 50;
   54 18 61;
   21 30 8;
   25 35 10;
   51 53 18;
   46 49 17;
   42 44 16;
   56 59 19;
   31 25 10;
   34 23 9;
   45 42 16;
   58 56 19;
   48 46 17;
   54 51 18;
   20 24 1;
   24 22 1;
   52 43 7;
   47 57 7;
   43 47 7;
   57 52 7;
   30 26 8;
   35 27 10;
   53 55 18;
   49 60 17;
   44 50 16;
   59 61 19;
   28 30 21;
   33 35 25;
   37 53 51;
   38 49 46;
   20 44 42;
   41 59 56;
   29 25 31;
   32 23 34;
   36 42 45;
   39 56 58;
   21 46 48;
   40 51 54;
   26 24 20;
   27 22 24;
   55 43 52;
   60 57 47;
   50 47 43;
   61 52 57;
   31 26 30;
   34 27 35;
   45 55 53;
   58 60 49;
   48 50 44;
   54 61 59];
msh.PNT = ...
  [1 0;
   2 0;
   3 0;
   4 0;
   5 0;
   6 0];

