% -------------------------------------------------------------------
%  Generated by MATLAB on 10-Jun-2025 13:34:08
%  MATLAB version: 24.2.0.2740171 (R2024b) Update 1
% -------------------------------------------------------------------
                                  

msh = struct;
msh.nbNod = 7;
msh.POS = ...
  [0 0.41780915 0;
   1 0.55257784 0;
   0 0 0;
   1 0 0;
   0 1 0;
   1 1 0;
   0.5 0.75222308249999992 0;
   0.5 0.485193495 0;
   0 0.208904575 0;
   0.5 0.208904575 0;
   1 0.27628892 0;
   0.5 0 0;
   0 0.708904575 0;
   1 0.77628892 0;
   0.5 1 0;
   0.25 0.58501611624999994 0;
   0.75 0.65240046125 0;
   0.25 0.87611154125 0;
   0.75 0.87611154125 0];
msh.MAX = [1 1 0];
msh.MIN = [0 0 0];
msh.LINES = ...
  [5 15;
   15 6;
   2 14;
   14 6;
   1 13;
   13 5;
   3 12;
   12 4;
   2 11;
   11 4;
   1 9;
   9 3;
   1 8;
   8 2];
msh.TRIANGLES = ...
  [2 11 8;
   4 12 10;
   5 13 18;
   2 14 17;
   1 8 16;
   6 15 19;
   11 4 10;
   12 3 9;
   13 1 16;
   14 6 19;
   8 2 17;
   15 5 18;
   8 10 1;
   10 9 1;
   18 16 7;
   17 19 7;
   16 17 7;
   19 18 7;
   11 10 8;
   12 9 10;
   13 16 18;
   14 19 17;
   8 17 16;
   15 18 19];
msh.PNT = ...
  [1 0;
   2 0;
   3 0;
   4 0;
   5 0;
   6 0];

