% -------------------------------------------------------------------
%  Generated by MATLAB on 11-Feb-2026 14:27:24
%  MATLAB version: 25.2.0.2998904 (R2025b)
% -------------------------------------------------------------------
                                  

msh = struct;
msh.nbNod = 21;
msh.POS = ...
  [0 0.34991231 0;
   0.21074648 0.68637548 0;
   0.40718779 1 0;
   0.37549151 0 0;
   0.49592285 0.56305358 0;
   0.58938118 1 0;
   0 0.77751086 0;
   0.75655638 0.450345 0;
   1 0.34507004 0;
   0.81247512 0 0;
   0.68830644 1 0;
   0 0 0;
   1 0 0;
   0 1 0;
   1 1 0;
   0.256738732208098 0.37308456068932588 0;
   0.1580575605520245 0.18074921767233151 0;
   0.42364086680220542 0.80161429532575323 0;
   0.605503422142857 0.2385395580924343 0;
   0.892257875 0.19885376 0;
   0.84415322000000015 0.74028653740381045 0;
   0.10537324 0.518143895 0;
   0.308967135 0.84318774000000007 0;
   0.353334665 0.6247145300000001 0;
   0.43570717999999997 0.28152679 0;
   0.498284485 1 0;
   0.542652015 0.78152679 0;
   0 0.56371158500000007 0;
   0.10537324 0.73194317000000009 0;
   0.626239615 0.50669929 0;
   0.87827819000000007 0.39770752 0;
   0.593983315 0 0;
   0.78451575 0.2251725 0;
   0.592114645 0.78152679 0;
   0.63884381 1 0;
   0.72243141 0.7251725 0;
   0 0.174956155 0;
   0.187745755 0 0;
   1 0.17253502 0;
   0.90623756 0 0;
   0.10537324 0.84318774000000007 0;
   0.203593895 1 0;
   0 0.88875543 0;
   1 0.67253502 0;
   0.84415321999999993 1 0;
   0.128369366104049 0.36149843534466297 0;
   0.233742606104049 0.529730020344663 0;
   0.316115121104049 0.18654228034466294 0;
   0.376330791104049 0.46806907034466294 0;
   0.079028780276012248 0.26533076383616577 0;
   0.26677453527601225 0.090374608836165757 0;
   0.079028780276012248 0.090374608836165757 0;
   0.20739814638006127 0.27691688918082868 0;
   0.31719367340110272 0.74399488766287658 0;
   0.41541432840110271 0.90080714766287662 0;
   0.45978185840110275 0.68233393766287664 0;
   0.50651102340110266 0.90080714766287662 0;
   0.49049746607142852 0.11926977904621715 0;
   0.55071313607142858 0.40079656904621719 0;
   0.68102990107142847 0.34444227904621716 0;
   0.70898927107142851 0.11926977904621715 0;
   0.8244071275 0.32459938 0;
   0.94612893749999993 0.2719619 0;
   0.8523664975 0.09942688 0;
   0.94612893749999993 0.09942688 0;
   0.8003548 0.59531576870190528 0;
   0.92207661000000007 0.54267828870190526 0;
   0.76622983000000011 0.87014326870190528 0;
   0.92207661000000007 0.87014326870190528 0];
msh.MAX = [1 1 0];
msh.MIN = [0 0 0];
msh.LINES = ...
  [11 45;
   45 15;
   9 44;
   44 15;
   7 43;
   43 14;
   3 42;
   42 14;
   10 40;
   40 13;
   9 39;
   39 13;
   4 38;
   38 12;
   1 37;
   37 12;
   8 36;
   36 11;
   6 35;
   35 11;
   8 33;
   33 10;
   4 32;
   32 10;
   8 31;
   31 9;
   5 30;
   30 8;
   2 29;
   29 7;
   1 28;
   28 7;
   5 27;
   27 6;
   3 26;
   26 6;
   4 25;
   25 5;
   2 24;
   24 5;
   2 23;
   23 3;
   1 22;
   22 2];
msh.TRIANGLES = ...
  [16 48 53;
   1 22 46;
   4 38 51;
   2 24 47;
   12 37 52;
   1 46 50;
   5 25 49;
   1 22 28;
   3 26 55;
   5 24 56;
   2 23 54;
   6 27 57;
   3 42 23;
   14 43 41;
   8 33 60;
   5 30 59;
   10 32 61;
   4 25 58;
   6 35 27;
   11 36 34;
   8 31 62;
   13 40 65;
   10 33 64;
   9 39 63;
   15 45 69;
   11 36 68;
   8 31 66;
   9 44 67;
   48 4 51;
   22 2 47;
   38 12 52;
   24 5 49;
   37 1 50;
   46 16 53;
   25 4 48;
   22 2 29;
   26 6 57;
   24 2 54;
   23 3 55;
   27 5 56;
   42 14 41;
   43 7 29;
   33 10 61;
   30 8 60;
   32 4 58;
   25 5 59;
   35 11 34;
   36 8 30;
   31 9 63;
   40 10 64;
   33 8 62;
   39 13 65;
   45 11 68;
   36 8 66;
   31 9 67;
   44 15 69;
   53 51 17;
   46 47 16;
   51 52 17;
   47 49 16;
   52 50 17;
   50 53 17;
   49 48 16;
   28 29 7;
   55 57 18;
   56 54 18;
   54 55 18;
   57 56 18;
   23 41 2;
   41 29 2;
   60 61 19;
   59 60 19;
   61 58 19;
   58 59 19;
   27 34 5;
   34 30 5;
   62 63 20;
   65 64 20;
   64 62 20;
   63 65 20;
   69 68 21;
   68 66 21;
   66 67 21;
   67 69 21;
   48 51 53;
   22 47 46;
   38 52 51;
   24 49 47;
   37 50 52;
   46 53 50;
   25 48 49;
   22 29 28;
   26 57 55;
   24 54 56;
   23 55 54;
   27 56 57;
   42 41 23;
   43 29 41;
   33 61 60;
   30 60 59;
   32 58 61;
   25 59 58;
   35 34 27;
   36 30 34;
   31 63 62;
   40 64 65;
   33 62 64;
   39 65 63;
   45 68 69;
   36 66 68;
   31 67 66;
   44 69 67];
msh.PNT = ...
  [1 0;
   2 0;
   3 0;
   4 0;
   5 0;
   6 0;
   7 0;
   8 0;
   9 0;
   10 0;
   11 0;
   12 0;
   13 0;
   14 0;
   15 0];

