% -------------------------------------------------------------------
%  Generated by MATLAB on 9-Jun-2025 10:37:18
%  MATLAB version: 24.2.0.2740171 (R2024b) Update 1
% -------------------------------------------------------------------
                                  

msh = struct;
msh.nbNod = 5;
msh.POS = ...
  [0 0 0;
   1 0 0;
   0 1 0;
   1 1 0;
   0.5 0.5 0;
   0.5 0 0;
   0 0.5 0;
   1 0.5 0;
   0.5 1 0;
   0.25 0.25 0;
   0.75 0.25 0;
   0.25 0.75 0;
   0.75 0.75 0;
   0.25 0 0;
   0.75 0 0;
   0 0.25 0;
   0 0.75 0;
   1 0.25 0;
   1 0.75 0;
   0.25 1 0;
   0.75 1 0;
   0.125 0.125 0;
   0.375 0.375 0;
   0.375 0.125 0;
   0.125 0.375 0;
   0.875 0.125 0;
   0.625 0.375 0;
   0.625 0.125 0;
   0.875 0.375 0;
   0.5 0.25 0;
   0.125 0.875 0;
   0.375 0.625 0;
   0.125 0.625 0;
   0.375 0.875 0;
   0.25 0.5 0;
   0.875 0.875 0;
   0.625 0.625 0;
   0.875 0.625 0;
   0.625 0.875 0;
   0.75 0.5 0;
   0.5 0.75 0];
msh.MAX = [1 1 0];
msh.MIN = [0 0 0];
msh.LINES = ...
  [4 21;
   21 9;
   3 20;
   20 9;
   4 19;
   19 8;
   2 18;
   18 8;
   3 17;
   17 7;
   1 16;
   16 7;
   2 15;
   15 6;
   1 14;
   14 6];
msh.TRIANGLES = ...
  [1 14 22;
   3 17 31;
   2 18 26;
   4 21 36;
   6 15 28;
   7 16 25;
   8 19 38;
   9 20 34;
   10 30 23;
   12 35 32;
   11 40 27;
   13 41 37;
   6 28 24;
   7 25 33;
   8 38 29;
   9 34 39;
   14 6 24;
   17 7 33;
   18 8 29;
   21 9 39;
   15 2 26;
   16 1 22;
   19 4 36;
   20 3 31;
   30 11 27;
   35 10 23;
   40 13 37;
   41 12 32;
   28 11 30;
   25 10 35;
   38 13 40;
   34 12 41;
   22 24 10;
   31 33 12;
   26 29 11;
   36 39 13;
   28 26 11;
   25 22 10;
   38 36 13;
   34 31 12;
   23 27 5;
   32 23 5;
   27 37 5;
   37 32 5;
   24 30 10;
   33 35 12;
   29 40 11;
   39 41 13;
   14 24 22;
   17 33 31;
   18 29 26;
   21 39 36;
   15 26 28;
   16 22 25;
   19 36 38;
   20 31 34;
   30 27 23;
   35 23 32;
   40 37 27;
   41 32 37;
   28 30 24;
   25 35 33;
   38 40 29;
   34 41 39];
msh.PNT = ...
  [1 0;
   2 0;
   3 0;
   4 0];

