% -------------------------------------------------------------------
%  Generated by MATLAB on 9-Jun-2025 10:34:30
%  MATLAB version: 24.2.0.2740171 (R2024b) Update 1
% -------------------------------------------------------------------
                                  

msh = struct;
msh.nbNod = 5;
msh.POS = ...
  [0 0 0;
   1 0 0;
   0 1 0;
   1 1 0;
   0.5 0.5 0;
   0.5 0 0;
   0 0.5 0;
   1 0.5 0;
   0.5 1 0;
   0.25 0.25 0;
   0.75 0.25 0;
   0.25 0.75 0;
   0.75 0.75 0];
msh.MAX = [1 1 0];
msh.MIN = [0 0 0];
msh.LINES = ...
  [3 9;
   9 4;
   2 8;
   8 4;
   1 7;
   7 3;
   1 6;
   6 2];
msh.TRIANGLES = ...
  [1 6 10;
   3 7 12;
   2 8 11;
   4 9 13;
   6 2 11;
   7 1 10;
   8 4 13;
   9 3 12;
   10 11 5;
   12 10 5;
   11 13 5;
   13 12 5;
   6 11 10;
   7 10 12;
   8 13 11;
   9 12 13];
msh.PNT = ...
  [1 0;
   2 0;
   3 0;
   4 0];

