% -------------------------------------------------------------------
%  Generated by MATLAB on 9-Jun-2025 10:37:27
%  MATLAB version: 24.2.0.2740171 (R2024b) Update 1
% -------------------------------------------------------------------
                                  

msh = struct;
msh.nbNod = 5;
msh.POS = ...
  [0 0 0;
   1 0 0;
   0 1 0;
   1 1 0;
   0.5 0.5 0;
   0.5 0 0;
   0 0.5 0;
   1 0.5 0;
   0.5 1 0;
   0.25 0.25 0;
   0.75 0.25 0;
   0.25 0.75 0;
   0.75 0.75 0;
   0.25 0 0;
   0.75 0 0;
   0 0.25 0;
   0 0.75 0;
   1 0.25 0;
   1 0.75 0;
   0.25 1 0;
   0.75 1 0;
   0.125 0.125 0;
   0.375 0.375 0;
   0.375 0.125 0;
   0.125 0.375 0;
   0.875 0.125 0;
   0.625 0.375 0;
   0.625 0.125 0;
   0.875 0.375 0;
   0.5 0.25 0;
   0.125 0.875 0;
   0.375 0.625 0;
   0.125 0.625 0;
   0.375 0.875 0;
   0.25 0.5 0;
   0.875 0.875 0;
   0.625 0.625 0;
   0.875 0.625 0;
   0.625 0.875 0;
   0.75 0.5 0;
   0.5 0.75 0;
   0.125 0 0;
   0.375 0 0;
   0.875 0 0;
   0.625 0 0;
   0 0.125 0;
   0 0.375 0;
   0 0.875 0;
   0 0.625 0;
   1 0.125 0;
   1 0.375 0;
   1 0.875 0;
   1 0.625 0;
   0.125 1 0;
   0.375 1 0;
   0.875 1 0;
   0.625 1 0;
   0.0625 0.0625 0;
   0.1875 0.1875 0;
   0.1875 0.0625 0;
   0.0625 0.1875 0;
   0.4375 0.4375 0;
   0.3125 0.3125 0;
   0.4375 0.0625 0;
   0.3125 0.1875 0;
   0.3125 0.0625 0;
   0.25 0.125 0;
   0.0625 0.4375 0;
   0.1875 0.3125 0;
   0.0625 0.3125 0;
   0.125 0.25 0;
   0.9375 0.0625 0;
   0.8125 0.1875 0;
   0.8125 0.0625 0;
   0.9375 0.1875 0;
   0.5625 0.4375 0;
   0.6875 0.3125 0;
   0.5 0.375 0;
   0.5625 0.0625 0;
   0.6875 0.1875 0;
   0.6875 0.0625 0;
   0.5 0.125 0;
   0.75 0.125 0;
   0.9375 0.4375 0;
   0.8125 0.3125 0;
   0.9375 0.3125 0;
   0.875 0.25 0;
   0.375 0.25 0;
   0.625 0.25 0;
   0.4375 0.3125 0;
   0.4375 0.1875 0;
   0.5625 0.3125 0;
   0.5625 0.1875 0;
   0.0625 0.9375 0;
   0.1875 0.8125 0;
   0.0625 0.8125 0;
   0.1875 0.9375 0;
   0.4375 0.5625 0;
   0.3125 0.6875 0;
   0.375 0.5 0;
   0.0625 0.5625 0;
   0.1875 0.6875 0;
   0.0625 0.6875 0;
   0.125 0.5 0;
   0.125 0.75 0;
   0.4375 0.9375 0;
   0.3125 0.8125 0;
   0.3125 0.9375 0;
   0.25 0.875 0;
   0.25 0.375 0;
   0.25 0.625 0;
   0.3125 0.4375 0;
   0.1875 0.4375 0;
   0.3125 0.5625 0;
   0.1875 0.5625 0;
   0.9375 0.9375 0;
   0.8125 0.8125 0;
   0.9375 0.8125 0;
   0.8125 0.9375 0;
   0.5625 0.5625 0;
   0.6875 0.6875 0;
   0.625 0.5 0;
   0.5 0.625 0;
   0.9375 0.5625 0;
   0.8125 0.6875 0;
   0.9375 0.6875 0;
   0.875 0.5 0;
   0.875 0.75 0;
   0.5625 0.9375 0;
   0.6875 0.8125 0;
   0.6875 0.9375 0;
   0.5 0.875 0;
   0.75 0.875 0;
   0.75 0.375 0;
   0.75 0.625 0;
   0.6875 0.4375 0;
   0.8125 0.4375 0;
   0.6875 0.5625 0;
   0.8125 0.5625 0;
   0.375 0.75 0;
   0.625 0.75 0;
   0.4375 0.6875 0;
   0.4375 0.8125 0;
   0.5625 0.6875 0;
   0.5625 0.8125 0];
msh.MAX = [1 1 0];
msh.MIN = [0 0 0];
msh.LINES = ...
  [9 57;
   57 21;
   4 56;
   56 21;
   9 55;
   55 20;
   3 54;
   54 20;
   8 53;
   53 19;
   4 52;
   52 19;
   8 51;
   51 18;
   2 50;
   50 18;
   7 49;
   49 17;
   3 48;
   48 17;
   7 47;
   47 16;
   1 46;
   46 16;
   6 45;
   45 15;
   2 44;
   44 15;
   6 43;
   43 14;
   1 42;
   42 14];
msh.TRIANGLES = ...
  [1 42 58;
   3 48 94;
   2 50 72;
   4 56 116;
   6 45 79;
   7 47 68;
   8 53 124;
   9 55 106;
   10 88 63;
   12 111 99;
   11 134 77;
   13 141 121;
   6 79 64;
   7 68 101;
   8 124 84;
   9 106 129;
   14 43 66;
   17 49 103;
   18 51 86;
   21 57 131;
   15 44 74;
   16 46 61;
   19 52 118;
   20 54 97;
   30 89 92;
   35 110 112;
   40 135 138;
   41 140 142;
   28 80 93;
   25 69 113;
   38 125 139;
   34 107 143;
   22 67 59;
   31 105 95;
   26 87 73;
   36 133 117;
   28 83 80;
   25 71 69;
   38 128 125;
   34 109 107;
   23 78 62;
   32 100 98;
   27 122 76;
   37 123 120;
   24 91 65;
   33 115 102;
   29 137 85;
   39 145 130;
   14 66 60;
   17 103 96;
   18 86 75;
   21 131 119;
   15 74 81;
   16 61 70;
   19 118 126;
   20 97 108;
   30 92 90;
   35 112 114;
   40 138 136;
   41 142 144;
   28 93 82;
   25 113 104;
   38 139 127;
   34 143 132;
   42 14 60;
   48 17 96;
   50 18 75;
   56 21 119;
   45 15 81;
   47 16 70;
   53 19 126;
   55 20 108;
   88 30 90;
   111 35 114;
   134 40 136;
   141 41 144;
   79 28 82;
   68 25 104;
   124 38 127;
   106 34 132;
   43 6 64;
   49 7 101;
   51 8 84;
   57 9 129;
   44 2 72;
   46 1 58;
   52 4 116;
   54 3 94;
   89 11 77;
   110 10 63;
   135 13 121;
   140 12 99;
   80 11 89;
   69 10 110;
   125 13 135;
   107 12 140;
   67 24 65;
   105 33 102;
   87 29 85;
   133 39 130;
   83 26 73;
   71 22 59;
   128 36 117;
   109 31 95;
   78 27 76;
   100 23 62;
   122 37 120;
   123 32 98;
   91 30 88;
   115 35 111;
   137 40 134;
   145 41 141;
   66 24 67;
   103 33 105;
   86 29 87;
   131 39 133;
   74 26 83;
   61 22 71;
   118 36 128;
   97 31 109;
   92 27 78;
   112 23 100;
   138 37 122;
   142 32 123;
   93 30 91;
   113 35 115;
   139 40 137;
   143 41 145;
   58 60 22;
   94 96 31;
   72 75 26;
   116 119 36;
   79 81 28;
   68 70 25;
   124 126 38;
   106 108 34;
   63 90 23;
   99 114 32;
   77 136 27;
   121 144 37;
   64 82 24;
   101 104 33;
   84 127 29;
   129 132 39;
   66 64 24;
   103 101 33;
   86 84 29;
   131 129 39;
   74 72 26;
   61 58 22;
   118 116 36;
   97 94 31;
   92 77 27;
   112 63 23;
   138 121 37;
   142 99 32;
   93 89 30;
   113 110 35;
   139 135 40;
   143 140 41;
   59 65 10;
   95 102 12;
   73 85 11;
   117 130 13;
   80 73 11;
   69 59 10;
   125 117 13;
   107 95 12;
   62 76 5;
   98 62 5;
   76 120 5;
   120 98 5;
   65 88 10;
   102 111 12;
   85 134 11;
   130 141 13;
   60 67 22;
   96 105 31;
   75 87 26;
   119 133 36;
   81 83 28;
   70 71 25;
   126 128 38;
   108 109 34;
   90 78 23;
   114 100 32;
   136 122 27;
   144 123 37;
   82 91 24;
   104 115 33;
   127 137 29;
   132 145 39;
   42 60 58;
   48 96 94;
   50 75 72;
   56 119 116;
   45 81 79;
   47 70 68;
   53 126 124;
   55 108 106;
   88 90 63;
   111 114 99;
   134 136 77;
   141 144 121;
   79 82 64;
   68 104 101;
   124 127 84;
   106 132 129;
   43 64 66;
   49 101 103;
   51 84 86;
   57 129 131;
   44 72 74;
   46 58 61;
   52 116 118;
   54 94 97;
   89 77 92;
   110 63 112;
   135 121 138;
   140 99 142;
   80 89 93;
   69 110 113;
   125 135 139;
   107 140 143;
   67 65 59;
   105 102 95;
   87 85 73;
   133 130 117;
   83 73 80;
   71 59 69;
   128 117 125;
   109 95 107;
   78 76 62;
   100 62 98;
   122 120 76;
   123 98 120;
   91 88 65;
   115 111 102;
   137 134 85;
   145 141 130;
   66 67 60;
   103 105 96;
   86 87 75;
   131 133 119;
   74 83 81;
   61 71 70;
   118 128 126;
   97 109 108;
   92 78 90;
   112 100 114;
   138 122 136;
   142 123 144;
   93 91 82;
   113 115 104;
   139 137 127;
   143 145 132];
msh.PNT = ...
  [1 0;
   2 0;
   3 0;
   4 0];

